# Period = :0.951
1.000000000000000000e+00	-0.000000000000000000e+00
2.379780782403263515e-05	1.850157941758481805e-01
-4.284421301647262786e-02	6.962088411850136938e-02
-3.565613326767262670e-02	1.599002298946930814e-02
-4.503349131056780252e-03	2.353553962146848547e-02
-3.404287339990662298e-02	1.201203303029594292e-02
-1.243772780019024131e-02	-1.032403356872503217e-02
-3.984544205787552383e-03	-3.365671661870378584e-03
-7.300691486131872599e-04	-5.824184514530326810e-03
4.996589394237049321e-03	1.622769828275012305e-04
-7.670595397262789446e-05	3.556346306673033482e-03
-5.534279551735392204e-04	1.071440975837440043e-03
-1.018874104777825430e-03	1.712834813783358943e-03
-1.499033326081060684e-03	-9.639519284944336557e-05
-1.462356223861603622e-04	-2.825963580107712864e-04
-3.282477477568552311e-04	-3.866745938539891005e-05
1.977886651033047448e-04	-3.242412368713196115e-04
2.432448911569127939e-04	2.904355486496067239e-04
-4.512215298463576881e-05	1.153663898619083607e-04
4.527316504252485856e-05	2.023924429324363574e-04
